00000000000000000000001100010111
00000000100000110000000001100111
00000010000000000000000001101111
00000000101100000000001100110011
00000000010000000000000011101111
00000000101000111000001110110011
11111111111100110000001100010011
00000000000000110000110001100011
11111111010111111111000001101111
00000000000100000010000000000011
00000011001000000000010100010011
00000000001100000000010110010011
11111101110111111111000011101111
00000000011100000000011010110011
00001000000000000000111000010011
00000000110100000010000000100011
00000000110111100010000000100011
00000000000000000010000010000011
