00000000000000000000001100010111
00000000100000110000000001100111
00000000000000001100010010110111
10111010101001001000010010010011
00000000000000001110100100110111
11011100110010010000100100010011
00000001000010010001100100010011
00000000100110010110100110110011
00001111111110010111101000010011
00000000000100000000001010010011
00000000000010100000010100010011
00000000100010011101100110010011
00001111111110010111101000010011
00000000000100000000001100010011
00000000000010100000010100010011
00000000100010011101100110010011
00001111111110010111101000010011
00000000000100000000001110010011
00000000000010100000010100010011
00000000100010011101100110010011
00001111111110010111101000010011
00000000000100000000111000010011
00000000000010100000010100010011
00000000101000000000111010010011
00000000001100101001111100010011
00000001111001010000111100110011
00000000001100110001111110010011
00000001111101011000111110110011
00000000000011110010001010000011
00000000100011110000011000010011
00000000000001100010111100000011
00000000010111110000111100110011
00000001111011111010000000100011
00000000000000000000000001101111
